0 0.088341 0.060697 0.046875 0.051683
0 0.167067 0.055288 0.046875 0.051683
0 0.135517 0.103966 0.041466 0.055288
0 0.175180 0.116286 0.041466 0.052284
0 0.234976 0.075421 0.046875 0.049880
0 0.293269 0.038161 0.046875 0.049880
0 0.234075 0.166166 0.043870 0.054688
0 0.175781 0.160757 0.042668 0.051082
0 0.134315 0.170373 0.042668 0.051082
0 0.032452 0.286358 0.044471 0.051082
0 0.034856 0.235877 0.044471 0.051082
0 0.064904 0.255108 0.044471 0.047476
0 0.070913 0.307692 0.042067 0.054087
0 0.105168 0.284255 0.040865 0.051683
0 0.115385 0.256010 0.039663 0.050481
0 0.148738 0.249399 0.042668 0.048077
0 0.181490 0.234075 0.044471 0.052284
0 0.220553 0.235276 0.043269 0.053486
0 0.263822 0.225661 0.042067 0.052284
0 0.268029 0.273738 0.044471 0.051082
0 0.318810 0.254207 0.042668 0.049279
0 0.039663 0.331731 0.045673 0.049279
0 0.081731 0.387921 0.045673 0.047476
0 0.100962 0.344050 0.044471 0.048678
0 0.131611 0.420072 0.039663 0.055288
0 0.159255 0.455228 0.042067 0.048678
0 0.170373 0.418570 0.039062 0.053486
0 0.188702 0.492188 0.038462 0.052885
0 0.198317 0.459736 0.038462 0.050481
0 0.159255 0.556190 0.039663 0.052284
0 0.201322 0.530649 0.042067 0.049279
0 0.257812 0.524339 0.040865 0.051082
0 0.251202 0.445012 0.040865 0.051082
0 0.283654 0.466046 0.042067 0.046274
0 0.293870 0.439303 0.042067 0.050481
0 0.288762 0.398137 0.041466 0.049880
0 0.308594 0.381911 0.041466 0.052284
0 0.124099 0.577825 0.041466 0.047476
0 0.185697 0.630108 0.042067 0.051082
0 0.206731 0.579026 0.043269 0.051082
0 0.240986 0.573317 0.043269 0.048077
0 0.270433 0.563702 0.043269 0.048077
0 0.068510 0.702825 0.042067 0.051082
0 0.028245 0.672175 0.042067 0.051082
0 0.033654 0.760817 0.045673 0.048077
0 0.066707 0.822115 0.042067 0.057692
0 0.126202 0.838942 0.043269 0.052885
0 0.161058 0.814002 0.044471 0.052284
0 0.166466 0.862380 0.042067 0.049279
0 0.268329 0.792969 0.043870 0.048678
0 0.304387 0.721755 0.042668 0.052885
0 0.265325 0.685096 0.042668 0.052885
0 0.312200 0.692909 0.042668 0.052885
0 0.457332 0.656851 0.039663 0.054087
0 0.500300 0.685397 0.045072 0.047476
0 0.539964 0.727764 0.045072 0.050481
0 0.596154 0.695913 0.040865 0.054087
0 0.554988 0.651142 0.042668 0.051082
0 0.588642 0.649940 0.041466 0.047476
0 0.634014 0.684796 0.039663 0.052284
0 0.631010 0.633413 0.042067 0.046875
0 0.635817 0.727464 0.039663 0.052284
0 0.672476 0.696214 0.039663 0.052284
0 0.702825 0.692007 0.045072 0.047476
0 0.665865 0.646034 0.045673 0.051683
0 0.644832 0.617188 0.045673 0.051683
0 0.615385 0.576022 0.039663 0.051082
0 0.726863 0.581130 0.042668 0.049279
0 0.727464 0.531851 0.042668 0.049279
0 0.679988 0.524940 0.041466 0.052284
0 0.706731 0.485577 0.044471 0.049279
0 0.674880 0.483173 0.042067 0.048077
0 0.646635 0.459135 0.040865 0.051683
0 0.733474 0.438101 0.042668 0.046875
0 0.769231 0.486779 0.045673 0.045673
0 0.759315 0.396034 0.037861 0.056490
0 0.719351 0.371995 0.042067 0.050481
0 0.739784 0.297175 0.044471 0.052284
0 0.779748 0.295673 0.037861 0.054087
0 0.564904 0.382812 0.042067 0.050481
0 0.501803 0.401142 0.043269 0.045072
0 0.496094 0.350962 0.041466 0.050481
0 0.524639 0.354567 0.042067 0.048077
0 0.547175 0.344050 0.043870 0.046274
0 0.500300 0.801683 0.045072 0.050481
0 0.541166 0.800481 0.045072 0.050481
0 0.430288 0.887921 0.043269 0.052284
0 0.413462 0.911659 0.042067 0.054087
0 0.339243 0.924579 0.043870 0.049880
0 0.456130 0.920373 0.043269 0.052284
0 0.745493 0.786659 0.041466 0.051683
0 0.677885 0.855168 0.043269 0.049279
0 0.763221 0.866887 0.040865 0.049880
0 0.769531 0.820312 0.042668 0.046875
0 0.651142 0.962740 0.040264 0.055288
0 0.517428 0.545673 0.043269 0.051683
0 0.440505 0.511418 0.040865 0.050481
0 0.419471 0.575120 0.043269 0.048077
0 0.380409 0.576623 0.038462 0.051082
0 0.366887 0.537560 0.042668 0.051082
0 0.372596 0.481671 0.043269 0.052284
0 0.402945 0.477464 0.037861 0.047476
0 0.359375 0.282151 0.042067 0.051082
0 0.417668 0.268630 0.039663 0.054087
0 0.459135 0.245192 0.043269 0.044471
0 0.492788 0.202224 0.043269 0.048678
0 0.519531 0.153546 0.040264 0.051082
0 0.562500 0.140925 0.042067 0.049880
0 0.537260 0.108474 0.039663 0.048678
0 0.572115 0.106971 0.042067 0.049279
0 0.592849 0.069411 0.039062 0.049880
0 0.600962 0.117488 0.042067 0.048678
0 0.626803 0.155950 0.042067 0.048678
0 0.663762 0.139724 0.039062 0.051082
0 0.630709 0.108774 0.040264 0.048077
0 0.669471 0.085036 0.040865 0.049880
0 0.632812 0.061599 0.040865 0.049880
0 0.701022 0.125300 0.040264 0.053486
0 0.698317 0.161959 0.040865 0.049880
0 0.645132 0.206130 0.040264 0.050481
0 0.605168 0.250000 0.040865 0.049279
0 0.645733 0.251803 0.042668 0.045673
0 0.752103 0.202524 0.042668 0.050481
0 0.735577 0.167368 0.040865 0.051082
0 0.753005 0.154147 0.042067 0.048678
0 0.792368 0.163762 0.042668 0.047476
0 0.139423 0.334135 0.040865 0.051683
