0 0.031851 0.060697 0.042067 0.052885
0 0.056190 0.056190 0.045072 0.049880
0 0.082332 0.102764 0.043269 0.051683
0 0.026442 0.108774 0.043269 0.051683
0 0.034255 0.158654 0.043269 0.051683
0 0.051382 0.138221 0.043870 0.054087
0 0.092248 0.185697 0.040264 0.052885
0 0.097055 0.235276 0.043870 0.053486
0 0.142428 0.275541 0.042067 0.051082
0 0.182692 0.236478 0.043269 0.051082
0 0.228365 0.300781 0.043269 0.051082
0 0.267428 0.270733 0.043269 0.051082
0 0.262620 0.230469 0.043269 0.051082
0 0.299880 0.228966 0.042067 0.055288
0 0.358474 0.199820 0.042668 0.051082
0 0.364183 0.247596 0.044471 0.049279
0 0.418870 0.248798 0.044471 0.049279
0 0.276442 0.108173 0.044471 0.051683
0 0.287260 0.154748 0.042067 0.049880
0 0.327524 0.155950 0.042067 0.049880
0 0.425481 0.103065 0.044471 0.053486
0 0.347356 0.286659 0.044471 0.049279
0 0.339243 0.333233 0.043870 0.049880
0 0.264724 0.379808 0.042668 0.049279
0 0.210637 0.390024 0.043870 0.048077
0 0.194111 0.449820 0.042067 0.051082
0 0.337440 0.423678 0.042668 0.049279
0 0.364483 0.395433 0.042668 0.049279
0 0.395132 0.363582 0.042668 0.049279
0 0.402043 0.411358 0.042067 0.051082
0 0.391526 0.454928 0.042668 0.054087
0 0.441707 0.405349 0.040865 0.051082
0 0.438702 0.547476 0.043269 0.050481
0 0.476863 0.430889 0.041466 0.054087
0 0.511719 0.413161 0.040264 0.049880
0 0.507812 0.477464 0.040865 0.051082
0 0.548678 0.472055 0.044471 0.046274
0 0.516827 0.447716 0.039663 0.054087
0 0.551082 0.430589 0.042067 0.043870
0 0.532151 0.386719 0.040264 0.052284
0 0.571214 0.397536 0.041466 0.052284
0 0.501803 0.591346 0.043269 0.052885
0 0.569712 0.598558 0.043269 0.052885
0 0.612380 0.528846 0.043269 0.052885
0 0.625601 0.473558 0.040865 0.054087
0 0.664062 0.482572 0.038462 0.054087
0 0.705228 0.440805 0.045072 0.049880
0 0.727464 0.457031 0.045072 0.049880
0 0.719050 0.520433 0.045072 0.051683
0 0.688702 0.585637 0.043269 0.052284
0 0.638822 0.628606 0.040865 0.054087
0 0.722356 0.562200 0.043269 0.052284
0 0.728365 0.597356 0.043269 0.054087
0 0.783053 0.606971 0.042067 0.051683
0 0.656250 0.677284 0.040865 0.054087
0 0.715144 0.673978 0.040865 0.049880
0 0.752103 0.712440 0.045072 0.046274
0 0.775841 0.661659 0.045673 0.049279
0 0.790865 0.649639 0.042067 0.048077
0 0.788161 0.706130 0.042668 0.052885
0 0.631010 0.734075 0.040865 0.051082
0 0.664663 0.756310 0.040865 0.051082
0 0.783954 0.802284 0.042668 0.051683
0 0.630108 0.837139 0.042668 0.051683
0 0.602764 0.853666 0.040865 0.051082
0 0.484075 0.905048 0.043870 0.051683
0 0.576623 0.893029 0.043870 0.051683
0 0.732272 0.891526 0.041466 0.053486
0 0.743690 0.938702 0.042668 0.051683
0 0.773738 0.944111 0.042668 0.051683
0 0.772536 0.905649 0.042668 0.051683
0 0.478666 0.612981 0.041466 0.052885
0 0.279447 0.778846 0.040865 0.045673
0 0.515325 0.685096 0.040264 0.045673
0 0.538161 0.720853 0.040264 0.048678
0 0.520132 0.746695 0.040264 0.052284
0 0.480469 0.741286 0.040264 0.047476
0 0.496995 0.696514 0.042067 0.049279
0 0.468750 0.689904 0.042067 0.049279
0 0.436899 0.727163 0.038462 0.052885
0 0.414363 0.624700 0.043870 0.052284
0 0.381010 0.645132 0.042067 0.049880
0 0.421875 0.674579 0.042067 0.049880
0 0.399639 0.692608 0.040865 0.052284
0 0.362380 0.692007 0.042067 0.045072
0 0.339543 0.698618 0.044471 0.048678
0 0.352163 0.739483 0.046875 0.052284
0 0.393029 0.755409 0.043269 0.052885
0 0.394231 0.798077 0.043269 0.052885
0 0.377404 0.825721 0.044471 0.046875
0 0.286659 0.821514 0.044471 0.046875
0 0.238882 0.805288 0.042668 0.052885
0 0.218750 0.754207 0.043269 0.049279
0 0.192909 0.695312 0.043269 0.049279
0 0.235276 0.713041 0.041466 0.052284
0 0.264724 0.661959 0.041466 0.052284
0 0.203425 0.619892 0.041466 0.052284
0 0.163762 0.616286 0.041466 0.052284
0 0.164363 0.658954 0.041466 0.052284
0 0.118690 0.642728 0.041466 0.052284
0 0.063401 0.683594 0.041466 0.052284
0 0.098858 0.729267 0.041466 0.052284
0 0.137320 0.782452 0.042668 0.048077
0 0.179387 0.780649 0.042668 0.048077
0 0.164663 0.866887 0.045673 0.047476
0 0.144231 0.887921 0.042067 0.053486
0 0.146034 0.928486 0.040865 0.052885
0 0.185397 0.910457 0.040264 0.051683
0 0.179387 0.947416 0.041466 0.052284
0 0.137620 0.967548 0.039663 0.046875
0 0.226262 0.916767 0.042668 0.051082
0 0.267728 0.940805 0.042668 0.051082
0 0.302885 0.918570 0.043269 0.048678
0 0.355769 0.960637 0.043269 0.048678
0 0.395132 0.948618 0.040264 0.052284
0 0.172175 0.554087 0.043870 0.051683
0 0.079026 0.748197 0.042668 0.048077
0 0.042368 0.792067 0.042668 0.048077
0 0.029748 0.655649 0.042668 0.048077
0 0.047476 0.497296 0.042067 0.051082
0 0.123197 0.371094 0.042067 0.051082
0 0.044772 0.376502 0.043870 0.052284
0 0.083534 0.375601 0.042067 0.052885
0 0.490986 0.282452 0.039663 0.050481
0 0.492788 0.233173 0.039663 0.050481
0 0.463942 0.199519 0.042067 0.049279
0 0.614784 0.197115 0.042067 0.052885
0 0.574820 0.253906 0.041466 0.049880
0 0.624700 0.292368 0.041466 0.049880
0 0.598858 0.245192 0.042668 0.049279
0 0.643329 0.243089 0.043870 0.047476
0 0.693510 0.283954 0.044471 0.051082
0 0.720252 0.271334 0.042668 0.048678
0 0.699219 0.227764 0.042668 0.050481
0 0.664964 0.207332 0.042668 0.050481
0 0.717248 0.158053 0.043870 0.048077
0 0.718450 0.209135 0.043870 0.048077
0 0.750901 0.216647 0.042668 0.049880
0 0.754207 0.155649 0.043269 0.046875
0 0.756911 0.094050 0.042668 0.049880
0 0.634315 0.057993 0.042668 0.053486
0 0.596755 0.048978 0.045673 0.051082
