0 0.144832 0.134615 0.046875 0.050481
0 0.027344 0.050781 0.043870 0.052284
0 0.083834 0.221454 0.043870 0.052284
0 0.169171 0.192608 0.045072 0.049880
0 0.236478 0.123498 0.041466 0.053486
0 0.204026 0.182993 0.046274 0.049880
0 0.228966 0.171274 0.043269 0.051683
0 0.268329 0.166466 0.041466 0.052885
0 0.231971 0.217849 0.040865 0.048678
0 0.275841 0.207031 0.040865 0.048678
0 0.259916 0.233474 0.045072 0.049880
0 0.252704 0.285757 0.045072 0.049880
0 0.212139 0.277945 0.037260 0.049880
0 0.193810 0.360577 0.043870 0.049279
0 0.225661 0.370192 0.043870 0.049279
0 0.262019 0.410156 0.042067 0.053486
0 0.258413 0.345252 0.042067 0.053486
0 0.223558 0.327825 0.040865 0.051082
0 0.374399 0.375000 0.043269 0.049279
0 0.414964 0.375000 0.043870 0.050481
0 0.080829 0.346454 0.042668 0.051082
0 0.051382 0.371995 0.039062 0.050481
0 0.032452 0.432091 0.040865 0.052885
0 0.073618 0.432692 0.043870 0.050481
0 0.072416 0.479868 0.043870 0.046274
0 0.048978 0.505108 0.042668 0.052284
0 0.089243 0.503606 0.041466 0.052885
0 0.074820 0.546875 0.041466 0.052885
0 0.052584 0.643930 0.041466 0.049880
0 0.063401 0.712139 0.043870 0.051683
0 0.269531 0.684495 0.043870 0.051683
0 0.314603 0.790865 0.043870 0.051683
0 0.334135 0.771635 0.043269 0.048077
0 0.355168 0.789663 0.043269 0.049279
0 0.385216 0.790264 0.043269 0.049279
0 0.394231 0.723558 0.043269 0.049279
0 0.458534 0.829327 0.039663 0.051683
0 0.432392 0.871094 0.042668 0.048678
0 0.391827 0.880409 0.042067 0.049279
0 0.280649 0.868389 0.042067 0.049279
0 0.397536 0.926683 0.043870 0.046875
0 0.531250 0.888822 0.042067 0.049279
0 0.579026 0.818810 0.042668 0.047476
0 0.601262 0.863882 0.045072 0.045072
0 0.600962 0.903245 0.039663 0.049279
0 0.563702 0.927584 0.039663 0.051082
0 0.609375 0.948317 0.043269 0.046875
0 0.725361 0.889724 0.042067 0.054688
0 0.661058 0.805589 0.040865 0.052284
0 0.716346 0.754507 0.039663 0.051082
0 0.605769 0.761719 0.039663 0.051082
0 0.646935 0.756911 0.041466 0.049880
0 0.675180 0.757512 0.042668 0.047476
0 0.394832 0.668269 0.043269 0.049279
0 0.459736 0.566106 0.043269 0.049279
0 0.359675 0.530048 0.039062 0.054087
0 0.466046 0.527043 0.042668 0.051683
0 0.533353 0.515925 0.041466 0.052284
0 0.562800 0.652945 0.041466 0.052284
0 0.615685 0.651743 0.041466 0.052284
0 0.656550 0.635517 0.045072 0.047476
0 0.697716 0.597356 0.043269 0.051683
0 0.778846 0.533954 0.044471 0.052284
0 0.788762 0.488882 0.043870 0.045072
0 0.741286 0.450120 0.043870 0.049279
0 0.744291 0.400841 0.041466 0.051683
0 0.786959 0.421875 0.041466 0.051683
0 0.731070 0.352163 0.041466 0.051683
0 0.652644 0.478966 0.038462 0.051683
0 0.611478 0.465144 0.045072 0.046875
0 0.635517 0.443510 0.045072 0.046875
0 0.632512 0.392428 0.045072 0.046875
0 0.592849 0.435397 0.040264 0.048678
0 0.567608 0.452524 0.040264 0.052885
0 0.497897 0.473558 0.040264 0.051683
0 0.521635 0.444411 0.039663 0.048678
0 0.536058 0.472656 0.038462 0.052284
0 0.539062 0.404447 0.042067 0.048077
0 0.553185 0.362680 0.041466 0.052284
0 0.546274 0.268930 0.042067 0.051082
0 0.543269 0.235577 0.040865 0.051683
0 0.579928 0.187500 0.042067 0.051683
0 0.541166 0.192909 0.037861 0.050481
0 0.504808 0.186899 0.043269 0.046875
0 0.476562 0.124399 0.043269 0.046875
0 0.507212 0.138522 0.042067 0.048678
0 0.535457 0.102163 0.039663 0.052885
0 0.544171 0.143930 0.042668 0.051082
0 0.574219 0.145132 0.039062 0.052284
0 0.611178 0.146034 0.040865 0.050481
0 0.585337 0.097356 0.040865 0.050481
0 0.639123 0.058594 0.040264 0.052284
0 0.705829 0.076623 0.040264 0.052284
0 0.408654 0.085036 0.043269 0.053486
0 0.377704 0.041767 0.042668 0.052284
0 0.423978 0.038161 0.043870 0.049880
0 0.452825 0.031250 0.041466 0.048077
0 0.731971 0.232272 0.044471 0.049880
0 0.252103 0.635817 0.043870 0.051683
0 0.055889 0.950120 0.039663 0.052885
0 0.099760 0.965745 0.039663 0.052885
