0 0.270070 0.125965 0.045286 0.064672
0 0.311033 0.127654 0.043228 0.058398
0 0.203170 0.204875 0.043228 0.058398
0 0.140181 0.372587 0.048168 0.056950
0 0.289420 0.329392 0.047756 0.052606
0 0.331000 0.375241 0.047756 0.052606
0 0.411486 0.362934 0.047345 0.057915
0 0.550226 0.328185 0.046521 0.056950
0 0.553108 0.285232 0.044051 0.053089
0 0.650473 0.342664 0.046110 0.053089
0 0.591601 0.294160 0.045286 0.049710
0 0.628036 0.294160 0.044874 0.050676
0 0.731988 0.118002 0.047756 0.059363
0 0.693495 0.091699 0.041581 0.057915
0 0.725813 0.524131 0.046110 0.053089
0 0.726225 0.572394 0.046110 0.053089
0 0.714697 0.650579 0.046110 0.053089
0 0.757308 0.657577 0.043228 0.051641
0 0.597777 0.646236 0.046110 0.053089
0 0.554961 0.652751 0.043639 0.052606
0 0.519350 0.544160 0.048991 0.047780
0 0.497324 0.496622 0.043639 0.052124
0 0.343969 0.472490 0.045698 0.052124
0 0.315562 0.517133 0.045698 0.047780
0 0.042610 0.364865 0.048168 0.056950
0 0.166735 0.652751 0.047756 0.046815
0 0.030877 0.638996 0.042816 0.054054
0 0.497942 0.854971 0.045698 0.050676
0 0.540552 0.864624 0.043639 0.050676
0 0.679704 0.846284 0.045286 0.051641
0 0.692878 0.890444 0.048580 0.046332
