0 0.186599 0.045072 0.046274 0.050481
0 0.125901 0.087440 0.048678 0.047476
0 0.062800 0.201923 0.046274 0.049279
0 0.103365 0.227464 0.039663 0.053486
0 0.104868 0.266827 0.043870 0.051683
0 0.130709 0.281851 0.043870 0.051683
0 0.252404 0.264123 0.044471 0.052284
0 0.293870 0.310397 0.044471 0.052284
0 0.295072 0.268930 0.043269 0.052284
0 0.283353 0.239183 0.041466 0.052885
0 0.314904 0.186899 0.046875 0.051683
0 0.351262 0.186599 0.042668 0.051082
0 0.364483 0.149940 0.042668 0.051082
0 0.307993 0.137620 0.042668 0.050481
0 0.344050 0.128005 0.043870 0.051683
0 0.310998 0.451923 0.043870 0.051683
0 0.387921 0.495793 0.043870 0.051683
0 0.379808 0.542368 0.045673 0.047476
0 0.315805 0.572115 0.043870 0.050481
0 0.350962 0.607572 0.042067 0.050481
0 0.411358 0.617188 0.043870 0.049279
0 0.321514 0.655649 0.042067 0.050481
0 0.290264 0.654147 0.040865 0.052284
0 0.250901 0.692909 0.043870 0.049279
0 0.208834 0.557091 0.047476 0.050481
0 0.148137 0.546274 0.042668 0.052885
0 0.190505 0.508113 0.043269 0.048678
0 0.414363 0.392428 0.045072 0.050481
0 0.561599 0.475060 0.045072 0.053486
0 0.511118 0.245793 0.041466 0.054087
0 0.633714 0.165865 0.045072 0.048077
0 0.740685 0.272236 0.046274 0.048077
0 0.781851 0.289663 0.039663 0.055288
0 0.819111 0.079327 0.044471 0.050481
0 0.313101 0.699219 0.039663 0.042668
0 0.349459 0.706731 0.040264 0.052885
0 0.145132 0.650541 0.045072 0.047476
0 0.196815 0.797175 0.043870 0.052284
0 0.156851 0.907452 0.044471 0.052885
0 0.268329 0.893930 0.045072 0.049880
0 0.246995 0.966346 0.044471 0.052885
0 0.312500 0.914062 0.044471 0.052885
0 0.314303 0.963942 0.044471 0.052885
0 0.407452 0.875901 0.044471 0.051082
0 0.449219 0.853065 0.042668 0.052284
0 0.423978 0.952224 0.042668 0.052284
0 0.474459 0.913161 0.045072 0.048678
0 0.465144 0.970853 0.042067 0.045072
0 0.500901 0.926983 0.045072 0.051082
0 0.507512 0.878606 0.045072 0.049279
0 0.607272 0.859375 0.041466 0.052885
0 0.567007 0.950721 0.043870 0.052885
0 0.609075 0.950120 0.042668 0.050481
0 0.641526 0.928486 0.042668 0.050481
0 0.681190 0.898738 0.041466 0.052284
0 0.655950 0.953726 0.042668 0.050481
0 0.685998 0.949519 0.042668 0.050481
0 0.712440 0.963341 0.042668 0.050481
0 0.752704 0.828425 0.041466 0.052284
0 0.823017 0.816406 0.041466 0.052284
0 0.807993 0.735877 0.041466 0.052284
0 0.769531 0.687800 0.041466 0.052284
0 0.671575 0.722356 0.043870 0.054087
0 0.692608 0.773738 0.043870 0.052284
0 0.711538 0.795072 0.044471 0.050481
0 0.638221 0.707632 0.043269 0.049880
0 0.597356 0.672776 0.043269 0.049880
0 0.760817 0.647236 0.042067 0.054087
0 0.800781 0.618990 0.043870 0.049279
0 0.741887 0.476863 0.045072 0.053486
