0 0.476807 0.923340 0.062012 0.051758
0 0.384766 0.935059 0.063477 0.053711
0 0.302246 0.859863 0.042969 0.055664
0 0.185791 0.964844 0.058105 0.062500
0 0.186768 0.829834 0.062012 0.059082
0 0.142090 0.801514 0.061523 0.061035
0 0.200928 0.709473 0.059082 0.047852
0 0.116455 0.659912 0.058105 0.052246
0 0.057861 0.829346 0.058105 0.062012
0 0.041260 0.659912 0.041504 0.052246
0 0.162598 0.567139 0.059570 0.059082
0 0.377197 0.619141 0.057129 0.048828
0 0.145508 0.502441 0.055664 0.047852
0 0.190430 0.484375 0.056641 0.060547
0 0.242188 0.457764 0.059570 0.058105
0 0.204834 0.410400 0.049316 0.057129
0 0.151855 0.378662 0.056641 0.045410
0 0.212646 0.343750 0.057129 0.054688
0 0.365234 0.233643 0.060547 0.056152
0 0.528564 0.396973 0.058105 0.052734
0 0.567627 0.320557 0.049316 0.059082
0 0.586182 0.229248 0.043457 0.056152
0 0.535156 0.160889 0.057617 0.058105
0 0.542969 0.046143 0.052734 0.044434
0 0.066895 0.205322 0.060547 0.059082
0 0.133545 0.102295 0.061035 0.055176
0 0.750244 0.333740 0.049316 0.059082
0 0.841309 0.115967 0.059570 0.049316
0 0.821045 0.055664 0.058105 0.059570
0 0.845215 0.648193 0.060547 0.054199
0 0.933105 0.853271 0.043945 0.059082
