0 0.040283 0.104980 0.057129 0.050781
0 0.094482 0.126465 0.057129 0.050781
0 0.133789 0.070557 0.061523 0.058105
0 0.250000 0.066406 0.053711 0.058594
0 0.259766 0.169434 0.056641 0.059570
0 0.372559 0.120850 0.060547 0.056152
0 0.395020 0.045166 0.050781 0.057129
0 0.492676 0.044678 0.060547 0.061035
0 0.461426 0.134277 0.050781 0.058594
0 0.487793 0.185547 0.050781 0.058594
0 0.692871 0.221191 0.057617 0.047852
0 0.890137 0.188477 0.060547 0.057617
0 0.851318 0.299072 0.060059 0.051270
0 0.922852 0.311035 0.058594 0.055664
0 0.875732 0.336182 0.058105 0.048340
0 0.844971 0.386719 0.055176 0.042969
0 0.715576 0.431396 0.055176 0.045410
0 0.656250 0.374023 0.057617 0.049805
0 0.524170 0.369873 0.056152 0.060059
0 0.621826 0.425537 0.045410 0.056152
0 0.656494 0.524170 0.055176 0.051270
0 0.482910 0.619629 0.058594 0.058594
0 0.805664 0.628662 0.060547 0.051270
0 0.927490 0.638184 0.046387 0.057617
0 0.904297 0.707031 0.058594 0.049805
0 0.904785 0.911133 0.058594 0.049805
0 0.600586 0.898926 0.058594 0.049805
0 0.311523 0.894775 0.055664 0.047363
0 0.167236 0.887695 0.061035 0.056641
0 0.355957 0.501221 0.056641 0.043457
0 0.403320 0.469727 0.057617 0.060547
