0 0.134277 0.062500 0.061523 0.062500
0 0.226074 0.081787 0.059570 0.062988
0 0.384033 0.047852 0.050293 0.058594
0 0.179199 0.159912 0.060547 0.056152
0 0.044434 0.242432 0.043945 0.052246
0 0.135254 0.318848 0.047852 0.058594
0 0.192871 0.289551 0.060547 0.057617
0 0.231445 0.364258 0.060547 0.057617
0 0.142090 0.547363 0.060547 0.057617
0 0.307617 0.542480 0.047852 0.055664
0 0.187500 0.602539 0.047852 0.055664
0 0.237793 0.702148 0.057617 0.061523
0 0.292236 0.804443 0.046387 0.054199
0 0.392334 0.857910 0.058105 0.061523
0 0.121094 0.922607 0.057617 0.053223
0 0.096191 0.964844 0.059570 0.054688
0 0.535645 0.937500 0.056641 0.049805
0 0.719727 0.971680 0.061523 0.056641
0 0.756348 0.834717 0.056641 0.062012
0 0.893799 0.773193 0.061035 0.057129
0 0.937256 0.940430 0.059082 0.061523
0 0.604736 0.678467 0.062012 0.062012
0 0.493652 0.577881 0.041992 0.056152
0 0.483154 0.465576 0.054199 0.049316
0 0.611084 0.504150 0.056152 0.060059
0 0.636719 0.446045 0.053711 0.047363
0 0.680420 0.372559 0.060059 0.054688
0 0.816650 0.367188 0.045410 0.055664
0 0.862305 0.488770 0.043945 0.055664
0 0.906250 0.494629 0.049805 0.059570
0 0.770020 0.556641 0.059570 0.051758
0 0.739502 0.297363 0.061035 0.056641
0 0.694824 0.219482 0.044922 0.055176
0 0.832031 0.193359 0.050781 0.059570
0 0.869141 0.269043 0.060547 0.060547
0 0.956543 0.232422 0.060547 0.060547
0 0.964111 0.174072 0.060059 0.057129
0 0.854980 0.086670 0.056641 0.062012
0 0.644287 0.086914 0.060059 0.056641
0 0.589600 0.065430 0.060059 0.061523
0 0.516602 0.210693 0.047852 0.057129
0 0.517578 0.305420 0.047852 0.057129
0 0.450195 0.301758 0.057617 0.060547
