0 0.298584 0.743652 0.062988 0.057617
0 0.257080 0.589844 0.061035 0.051758
0 0.557861 0.577881 0.062012 0.057129
0 0.249268 0.507080 0.059082 0.061035
0 0.125244 0.579590 0.052246 0.054688
0 0.216064 0.382568 0.058105 0.051270
0 0.150879 0.388672 0.059570 0.056641
0 0.170654 0.308350 0.043457 0.056152
0 0.377686 0.279785 0.061035 0.057617
0 0.436768 0.248047 0.061035 0.057617
0 0.077881 0.166992 0.059082 0.058594
0 0.212646 0.072754 0.059082 0.058594
0 0.465088 0.139160 0.059082 0.058594
0 0.571289 0.166504 0.058594 0.060547
0 0.652588 0.146240 0.051270 0.057129
0 0.609619 0.349365 0.051270 0.057129
0 0.738525 0.466553 0.051270 0.057129
0 0.729248 0.529053 0.061035 0.059082
0 0.891113 0.381104 0.055664 0.061035
0 0.891846 0.322266 0.062012 0.055664
0 0.878906 0.248779 0.061523 0.058105
0 0.941895 0.189697 0.060547 0.063965
0 0.946533 0.579590 0.057129 0.051758
0 0.968994 0.699463 0.062012 0.057129
0 0.848877 0.666504 0.048340 0.055664
0 0.797607 0.640625 0.061035 0.060547
0 0.659424 0.740967 0.062012 0.057129
0 0.597412 0.865967 0.047363 0.056152
0 0.520996 0.911133 0.054688 0.058594
0 0.472900 0.912109 0.058105 0.061523
0 0.317139 0.933838 0.047363 0.055176
0 0.785889 0.939941 0.059082 0.056641
0 0.840576 0.927734 0.062012 0.056641
0 0.858398 0.972900 0.061523 0.054199
0 0.901367 0.153564 0.060547 0.063965
0 0.967529 0.045654 0.048340 0.058105
