0 0.284180 0.128418 0.067383 0.062500
0 0.350098 0.121094 0.062500 0.059570
0 0.570801 0.083496 0.046875 0.051758
0 0.543213 0.201172 0.048340 0.057617
0 0.680420 0.115723 0.048340 0.057617
0 0.687256 0.223145 0.055176 0.060547
0 0.174805 0.264160 0.067383 0.062500
0 0.230469 0.293701 0.061523 0.049316
0 0.054688 0.322754 0.061523 0.057617
0 0.247559 0.593506 0.052734 0.057129
0 0.099854 0.715332 0.058105 0.058594
0 0.051514 0.732422 0.042480 0.051758
0 0.381348 0.711670 0.050781 0.059082
0 0.394287 0.760010 0.059082 0.057129
0 0.568604 0.777588 0.059082 0.057129
0 0.435059 0.679688 0.061523 0.057617
0 0.537354 0.593262 0.047363 0.057617
0 0.529541 0.470459 0.059082 0.060059
0 0.588623 0.536621 0.059082 0.059570
0 0.571289 0.380371 0.050781 0.063477
0 0.681641 0.544434 0.060547 0.052734
0 0.735596 0.539551 0.058105 0.053711
0 0.749512 0.449707 0.058594 0.057617
0 0.812256 0.565674 0.048340 0.059082
0 0.751953 0.817383 0.059570 0.052734
0 0.808594 0.794434 0.059570 0.052734
0 0.931885 0.235840 0.061035 0.057617
0 0.946045 0.153809 0.059082 0.059570
0 0.867432 0.076172 0.043457 0.055664
0 0.956055 0.892334 0.048828 0.059082
0 0.753174 0.956787 0.048340 0.059082
0 0.381104 0.878174 0.055176 0.061035
0 0.286133 0.876221 0.046875 0.057129
0 0.213867 0.924805 0.045898 0.057617
0 0.513428 0.963379 0.055176 0.060547
