0 0.130108 0.126803 0.048678 0.050481
0 0.140325 0.179988 0.048678 0.053486
0 0.224760 0.145433 0.044471 0.052885
0 0.045974 0.182091 0.045072 0.050481
0 0.026743 0.201923 0.043870 0.052885
0 0.403245 0.039062 0.044471 0.052885
0 0.442308 0.042668 0.044471 0.052885
0 0.489183 0.091647 0.048077 0.048678
0 0.476863 0.133714 0.045072 0.051082
0 0.237079 0.241887 0.045072 0.051082
0 0.276442 0.255709 0.044471 0.054688
0 0.303486 0.231671 0.044471 0.054688
0 0.335637 0.262620 0.046274 0.056490
0 0.378305 0.308894 0.046274 0.054087
0 0.333534 0.389724 0.048077 0.051082
0 0.191106 0.308894 0.043269 0.052885
0 0.058894 0.354567 0.046875 0.051683
0 0.155649 0.356971 0.046875 0.051683
0 0.199219 0.354868 0.043870 0.051082
0 0.204327 0.396334 0.046875 0.051082
0 0.247897 0.437500 0.043870 0.048077
0 0.368389 0.457632 0.043269 0.051082
0 0.368990 0.510216 0.048077 0.054087
0 0.478365 0.415565 0.046875 0.048678
0 0.493690 0.463642 0.048678 0.049880
0 0.262320 0.592248 0.046274 0.053486
0 0.296274 0.605769 0.045673 0.049279
0 0.269832 0.671575 0.048077 0.051082
0 0.341046 0.617488 0.045072 0.051082
0 0.368389 0.606370 0.045673 0.052885
0 0.402043 0.575120 0.045673 0.052885
0 0.419471 0.616286 0.042067 0.049880
0 0.407151 0.639423 0.046274 0.050481
0 0.395733 0.688101 0.047476 0.051683
0 0.435697 0.685998 0.046875 0.048678
0 0.444111 0.732572 0.048077 0.050481
0 0.497897 0.782752 0.043870 0.053486
0 0.542067 0.796575 0.045673 0.053486
0 0.582933 0.783053 0.045673 0.051683
0 0.591647 0.764123 0.045072 0.048678
0 0.696214 0.734976 0.046274 0.050481
0 0.747296 0.810697 0.046274 0.051683
0 0.727764 0.730469 0.044471 0.053486
0 0.720853 0.621394 0.045072 0.050481
0 0.765625 0.659255 0.046875 0.046875
0 0.804387 0.696514 0.042668 0.052885
0 0.799880 0.623498 0.045673 0.053486
0 0.766827 0.560998 0.045673 0.053486
0 0.814303 0.581130 0.046875 0.050481
0 0.766226 0.512921 0.046875 0.046274
0 0.822416 0.518930 0.045072 0.051082
0 0.663762 0.403846 0.047476 0.046875
0 0.780349 0.460637 0.046274 0.052284
0 0.810397 0.417368 0.046274 0.052284
0 0.528245 0.329627 0.040865 0.054688
0 0.490084 0.280950 0.045072 0.053486
0 0.554387 0.273137 0.047476 0.048678
0 0.600962 0.290565 0.045673 0.052284
0 0.714844 0.196214 0.043870 0.055889
0 0.672476 0.148738 0.046875 0.049880
0 0.663762 0.084736 0.045072 0.052885
0 0.787260 0.118089 0.044471 0.046274
0 0.759916 0.154147 0.046274 0.051082
0 0.803185 0.166767 0.046274 0.051082
0 0.795673 0.874399 0.048077 0.051683
0 0.546875 0.890925 0.048077 0.049880
0 0.516226 0.914964 0.048077 0.049880
0 0.528846 0.960637 0.048077 0.046274
0 0.556190 0.937500 0.049880 0.049279
0 0.367788 0.936298 0.050481 0.049279
0 0.253305 0.930589 0.049880 0.051082
0 0.182692 0.964243 0.046875 0.047476
0 0.179988 0.892728 0.047476 0.052284
0 0.240385 0.837139 0.050481 0.046875
0 0.257512 0.883413 0.047476 0.049279
0 0.189904 0.736779 0.046875 0.051683
0 0.037861 0.616887 0.049279 0.051082
0 0.038161 0.806490 0.047476 0.046875
0 0.082031 0.842849 0.043870 0.051082
