0 0.193209 0.899940 0.048678 0.053486
0 0.301683 0.777043 0.048077 0.051683
0 0.345553 0.758413 0.048077 0.051683
0 0.398438 0.762019 0.048077 0.051683
0 0.134014 0.693209 0.045673 0.052284
0 0.115084 0.644231 0.048678 0.048077
0 0.546875 0.775541 0.045673 0.049880
0 0.528245 0.676983 0.045673 0.049880
0 0.658654 0.769231 0.043269 0.052885
0 0.680589 0.793570 0.046274 0.048678
0 0.674579 0.707933 0.045072 0.054087
0 0.512019 0.628305 0.045673 0.049880
0 0.334135 0.466947 0.042067 0.046875
0 0.365084 0.446514 0.040264 0.050481
0 0.362079 0.494591 0.040264 0.050481
0 0.255709 0.383113 0.043870 0.052284
0 0.222055 0.334435 0.043870 0.052284
0 0.465445 0.266827 0.043870 0.052885
0 0.516526 0.344050 0.042668 0.051082
0 0.588642 0.331430 0.043870 0.052284
0 0.550781 0.282151 0.043870 0.052284
0 0.644531 0.222055 0.041466 0.055889
0 0.738281 0.321514 0.045072 0.051683
0 0.823618 0.200421 0.046274 0.052284
0 0.673978 0.173678 0.045072 0.050481
0 0.632212 0.170673 0.043269 0.046875
0 0.592248 0.164663 0.042668 0.050481
0 0.364784 0.048678 0.044471 0.049279
0 0.236478 0.170974 0.042668 0.052284
0 0.103966 0.142127 0.046875 0.048678
0 0.064002 0.094952 0.046274 0.052885
0 0.114784 0.027945 0.049279 0.048678
