0 0.077524 0.060096 0.056490 0.069712
0 0.133113 0.057091 0.058293 0.066106
0 0.200120 0.171274 0.055288 0.068510
0 0.341647 0.200421 0.057091 0.067909
0 0.353966 0.353365 0.058894 0.064904
0 0.390625 0.405048 0.060096 0.063702
0 0.406851 0.490385 0.060096 0.063702
0 0.360276 0.564603 0.055889 0.061899
0 0.403245 0.540264 0.056490 0.067308
0 0.404447 0.597957 0.056490 0.067308
0 0.568510 0.575120 0.056490 0.067308
0 0.725661 0.509315 0.057091 0.061899
0 0.772837 0.574219 0.052885 0.070312
0 0.820913 0.634315 0.052885 0.070312
0 0.805889 0.508413 0.057692 0.070913
0 0.743690 0.372897 0.060697 0.064303
0 0.695312 0.321815 0.056490 0.069111
0 0.574519 0.265925 0.056490 0.069111
0 0.672175 0.093750 0.058293 0.063702
0 0.111178 0.629808 0.058894 0.068510
0 0.078425 0.663462 0.051082 0.068510
0 0.065805 0.720853 0.053486 0.069111
0 0.048678 0.757512 0.052885 0.069111
0 0.054688 0.806791 0.052885 0.069111
0 0.118990 0.809195 0.058894 0.060697
0 0.144531 0.865385 0.057091 0.061298
0 0.226863 0.848257 0.055889 0.067909
0 0.235276 0.945913 0.059495 0.061298
0 0.337139 0.951022 0.057692 0.064303
0 0.310998 0.883714 0.059495 0.063101
0 0.414363 0.852764 0.055889 0.066106
0 0.444411 0.905048 0.055889 0.061298
0 0.616887 0.916166 0.058293 0.058293
0 0.780649 0.846454 0.060096 0.059495
0 0.748798 0.804087 0.058894 0.064904
