0 0.076022 0.089844 0.043870 0.052284
0 0.073618 0.049579 0.043870 0.052284
0 0.122897 0.092248 0.042668 0.049880
0 0.155649 0.047476 0.043269 0.052885
0 0.156250 0.091947 0.039663 0.054087
0 0.195913 0.061599 0.039663 0.053486
0 0.026442 0.183293 0.044471 0.048077
0 0.049279 0.162560 0.036058 0.053486
0 0.085637 0.160457 0.039062 0.052885
0 0.129507 0.126803 0.040264 0.051683
0 0.124700 0.165865 0.041466 0.050481
0 0.163161 0.152644 0.043870 0.049279
0 0.202224 0.159255 0.042668 0.052885
0 0.229567 0.157452 0.043269 0.048077
0 0.260216 0.160457 0.043269 0.048077
0 0.311298 0.167668 0.043269 0.048077
0 0.348558 0.121394 0.043269 0.048077
0 0.250601 0.206731 0.042067 0.051683
0 0.214844 0.203726 0.042668 0.049279
0 0.190505 0.207332 0.042067 0.048077
0 0.135817 0.202224 0.044471 0.052284
0 0.097957 0.209435 0.042067 0.049880
0 0.054688 0.222356 0.040865 0.049279
0 0.103666 0.246695 0.041466 0.051082
0 0.134615 0.243990 0.042067 0.045673
0 0.162260 0.245793 0.042067 0.043269
0 0.164363 0.199519 0.041466 0.048077
0 0.190805 0.252103 0.045072 0.046274
0 0.219651 0.252404 0.045072 0.046875
0 0.266526 0.262620 0.041466 0.050481
0 0.298377 0.289062 0.043870 0.048077
0 0.341947 0.305589 0.044471 0.052284
0 0.382512 0.291466 0.041466 0.051683
0 0.122897 0.290565 0.047476 0.046274
0 0.103065 0.306190 0.046274 0.047476
0 0.064303 0.382212 0.044471 0.051683
0 0.125601 0.391226 0.044471 0.046875
0 0.163762 0.379808 0.043870 0.051683
0 0.168269 0.341346 0.043269 0.049279
0 0.204026 0.369892 0.045072 0.049880
0 0.192909 0.403546 0.044471 0.048678
0 0.214844 0.445913 0.042668 0.049279
0 0.123498 0.439303 0.042668 0.049279
0 0.067909 0.442608 0.042067 0.052284
0 0.070613 0.554087 0.042668 0.049279
0 0.051382 0.574820 0.040264 0.051082
0 0.172476 0.514423 0.042067 0.049279
0 0.118990 0.590745 0.042067 0.049279
0 0.051082 0.616887 0.045673 0.051082
0 0.093450 0.600661 0.041466 0.051082
0 0.118389 0.637320 0.044471 0.046274
0 0.174579 0.560998 0.042668 0.048678
0 0.160757 0.642428 0.042668 0.054087
0 0.183894 0.607272 0.043269 0.046274
0 0.226562 0.648438 0.043269 0.045673
0 0.215144 0.597055 0.043269 0.048678
0 0.292368 0.656250 0.042668 0.048077
0 0.216346 0.697716 0.045673 0.045673
0 0.177284 0.679988 0.039663 0.047476
0 0.203726 0.749399 0.045673 0.045673
0 0.175180 0.714543 0.039062 0.050481
0 0.045373 0.749099 0.045072 0.049880
0 0.061599 0.837740 0.046274 0.052885
0 0.105769 0.876502 0.042067 0.048678
0 0.076923 0.954327 0.043269 0.044471
0 0.191707 0.910757 0.043269 0.047476
0 0.157452 0.932091 0.043269 0.044471
0 0.167668 0.971755 0.045673 0.043269
0 0.291466 0.943510 0.044471 0.043269
0 0.330228 0.902945 0.042668 0.046274
0 0.389123 0.920373 0.042668 0.046274
0 0.341046 0.859675 0.042668 0.046274
0 0.384315 0.854567 0.040264 0.049279
0 0.352163 0.825721 0.044471 0.046875
0 0.471154 0.762620 0.044471 0.046875
0 0.503906 0.819111 0.040264 0.052885
0 0.408053 0.708534 0.044471 0.046875
0 0.445312 0.715445 0.042067 0.047476
0 0.463341 0.697416 0.043269 0.049880
0 0.505709 0.701623 0.039062 0.051082
0 0.542969 0.769832 0.043870 0.048077
0 0.538161 0.728365 0.041466 0.050481
0 0.541166 0.672175 0.042668 0.048678
0 0.551382 0.715445 0.041466 0.047476
0 0.576623 0.665565 0.042668 0.051082
0 0.596454 0.640925 0.042668 0.051082
0 0.633714 0.613882 0.042668 0.051082
0 0.630108 0.658353 0.042668 0.051082
0 0.590745 0.701322 0.038462 0.050481
0 0.585637 0.728666 0.037861 0.048678
0 0.624399 0.713041 0.040865 0.048678
0 0.572416 0.772837 0.043870 0.048077
0 0.581430 0.804087 0.043870 0.048077
0 0.622596 0.825120 0.042067 0.048077
0 0.613882 0.780649 0.040264 0.050481
0 0.621995 0.752704 0.042067 0.048678
0 0.652644 0.762620 0.042067 0.043269
0 0.689603 0.752704 0.040264 0.048678
0 0.678185 0.801983 0.040264 0.048678
0 0.681190 0.847656 0.040264 0.048678
0 0.741587 0.844050 0.043269 0.048678
0 0.774038 0.884315 0.046875 0.043870
0 0.760517 0.910757 0.040264 0.049880
0 0.725060 0.932392 0.042668 0.046274
0 0.695012 0.930889 0.042668 0.044471
0 0.655349 0.936899 0.043870 0.042067
0 0.601562 0.926082 0.042067 0.046875
0 0.632512 0.941106 0.042668 0.042067
0 0.673978 0.971154 0.042668 0.042067
0 0.599459 0.957332 0.042668 0.043269
0 0.544471 0.930889 0.039663 0.045673
0 0.564904 0.958834 0.040865 0.043870
0 0.513822 0.951623 0.039663 0.047476
0 0.382512 0.540264 0.042668 0.048077
0 0.360276 0.508714 0.041466 0.047476
0 0.399339 0.498498 0.041466 0.051082
0 0.324219 0.468149 0.042668 0.046875
0 0.360877 0.421875 0.041466 0.051683
0 0.498798 0.447416 0.042067 0.051082
0 0.618990 0.454026 0.042067 0.051082
0 0.615986 0.482572 0.043269 0.052885
0 0.696514 0.402344 0.040865 0.051082
0 0.780048 0.407151 0.042067 0.049880
0 0.732572 0.407752 0.042067 0.049880
0 0.757212 0.517728 0.042067 0.049880
0 0.756611 0.474459 0.039663 0.057091
0 0.578125 0.374700 0.039663 0.057091
0 0.493990 0.315805 0.044471 0.049880
0 0.740685 0.707031 0.041466 0.048678
0 0.701623 0.703425 0.040264 0.046274
0 0.643930 0.701623 0.040264 0.046274
0 0.711538 0.359675 0.042067 0.049880
0 0.655048 0.310998 0.042067 0.049880
0 0.602764 0.262320 0.042067 0.049880
0 0.643329 0.273738 0.039062 0.052284
0 0.686298 0.260216 0.042067 0.050481
0 0.709135 0.250000 0.042067 0.045673
0 0.703425 0.300481 0.043870 0.048077
0 0.683894 0.182692 0.042067 0.045673
0 0.720853 0.141526 0.039062 0.052284
0 0.549279 0.158053 0.043269 0.050481
0 0.572416 0.108474 0.043870 0.049880
0 0.667368 0.073017 0.043870 0.049880
0 0.505709 0.082031 0.042668 0.049880
0 0.469651 0.053486 0.040264 0.055288
0 0.513522 0.050781 0.043870 0.051082
0 0.384315 0.174579 0.046274 0.046274
0 0.790565 0.101562 0.045072 0.050481
