0 0.382512 0.125601 0.060697 0.066106
0 0.378005 0.238281 0.058894 0.063101
0 0.338341 0.350661 0.058894 0.063101
0 0.391526 0.357272 0.055889 0.069111
0 0.423978 0.230168 0.055889 0.066106
0 0.434796 0.292668 0.055889 0.066106
0 0.573618 0.331430 0.059495 0.061899
0 0.262921 0.197416 0.057091 0.067909
0 0.262320 0.262921 0.057091 0.067909
0 0.118690 0.268930 0.057091 0.067909
0 0.106070 0.323017 0.057091 0.069111
0 0.104567 0.375000 0.058894 0.067308
0 0.104267 0.437800 0.058293 0.060697
0 0.141827 0.496695 0.056490 0.059495
0 0.157752 0.435397 0.055889 0.063101
0 0.193510 0.462139 0.049279 0.067308
0 0.284555 0.533053 0.054688 0.067308
0 0.216346 0.644832 0.054087 0.068510
0 0.162861 0.726262 0.051683 0.064303
0 0.103966 0.734075 0.051683 0.064303
0 0.107572 0.796575 0.051683 0.064303
0 0.200120 0.791166 0.051683 0.064303
0 0.070913 0.872296 0.051683 0.064303
0 0.080529 0.924279 0.057692 0.061298
0 0.243690 0.906250 0.057091 0.066106
0 0.031851 0.928786 0.051683 0.065505
0 0.364183 0.821815 0.055288 0.066707
0 0.390625 0.718750 0.056490 0.062500
0 0.530349 0.830529 0.053486 0.068510
0 0.518630 0.665565 0.056490 0.066707
0 0.294171 0.660156 0.058293 0.065505
0 0.265024 0.640024 0.050481 0.069712
0 0.290565 0.596755 0.057091 0.070913
0 0.347055 0.592548 0.058293 0.062500
0 0.370793 0.638822 0.056490 0.067308
0 0.408954 0.640625 0.059495 0.062500
0 0.353966 0.666767 0.058894 0.060697
0 0.595252 0.618690 0.059495 0.065505
0 0.601863 0.554988 0.055889 0.064303
0 0.693209 0.766226 0.053486 0.068510
0 0.670673 0.719050 0.055288 0.064303
0 0.728065 0.701022 0.053486 0.066707
0 0.809796 0.713642 0.053486 0.066707
0 0.811899 0.911058 0.055288 0.064904
0 0.602163 0.180589 0.055288 0.067909
0 0.750601 0.255709 0.055288 0.067909
0 0.766827 0.338642 0.056490 0.070312
0 0.757212 0.195012 0.058894 0.059495
0 0.732873 0.172175 0.055889 0.064303
0 0.763822 0.126202 0.055288 0.067308
0 0.806791 0.411659 0.058293 0.066106
0 0.804688 0.190505 0.054087 0.061298
0 0.477163 0.067308 0.056490 0.063702
